takeoff_angle,azimuth,strike,dip,rake,poissons_ratio,opening_angle,Gp,Gs,Gsh,Gsv
1.737e+02,8.933e+01,3.134e+01,1.349e+01,-6.494e+01,2.500e-01,5.754e+01,2.383e+00,7.164e-01,2.564e-01,-6.689e-01
2.837e+01,-1.781e+01,-1.052e+02,5.936e+01,1.111e+01,2.500e-01,4.902e+01,7.664e-01,1.743e-01,1.907e-02,-1.733e-01
1.747e+02,-1.498e+02,-7.155e+01,4.667e+01,5.560e+01,2.500e-01,5.826e+01,1.927e+00,9.475e-01,3.489e-01,8.809e-01
1.723e+02,-9.757e+01,-1.047e+01,8.757e+01,-3.326e+01,2.500e-01,4.895e+01,8.320e-01,4.909e-01,-7.536e-02,-4.851e-01
8.737e+01,1.488e+02,-9.702e+01,5.841e+01,1.152e+02,2.500e-01,6.489e+01,1.678e+00,9.880e-01,4.871e-01,-8.596e-01
1.441e+02,-1.251e+02,1.240e+02,7.203e+01,7.861e+01,2.500e-01,4.702e+01,2.178e+00,6.632e-01,-5.501e-01,-3.703e-01
2.554e+01,1.173e+02,-1.099e+02,4.084e+01,1.687e+02,2.500e-01,8.943e+01,2.578e+00,8.159e-01,7.951e-01,1.828e-01
7.592e+01,1.380e+01,-9.867e+01,3.892e+01,1.128e+01,2.500e-01,1.968e+01,5.794e-02,3.274e-01,-2.390e-01,-2.237e-01
1.648e+02,1.786e+02,-1.185e+02,7.428e+01,-6.295e+01,2.500e-01,9.522e+00,1.047e-01,8.040e-01,-3.348e-01,-7.310e-01
1.426e+02,-1.519e+02,-9.804e+01,7.512e+00,-1.420e+02,2.500e-01,9.873e+00,-5.698e-01,3.306e-01,-2.261e-01,2.412e-01
1.727e+02,-2.064e+01,-2.315e+01,1.199e+01,3.995e+01,2.500e-01,5.723e+00,7.248e-01,8.478e-01,-5.521e-01,-6.434e-01
1.180e+02,-1.416e+02,-6.800e+01,1.560e+01,1.004e+02,2.500e-01,3.641e+01,9.728e-01,9.180e-01,-5.488e-03,9.180e-01
6.428e+00,1.663e+02,1.524e+02,3.518e+01,-2.756e+01,2.500e-01,4.035e+01,1.019e+00,8.897e-01,-5.127e-01,-7.271e-01
1.528e+02,-1.783e+02,-2.513e+01,7.482e+01,-1.473e+02,2.500e-01,3.292e+01,5.361e-01,9.294e-02,6.180e-02,-6.941e-02
1.681e+02,9.897e+01,-1.135e+02,7.230e+01,-8.407e+01,2.500e-01,6.872e+01,8.641e-01,1.722e-02,-1.643e-02,5.152e-03
1.222e+02,1.142e+02,1.458e+02,5.442e+00,-1.247e+02,2.500e-01,5.651e+01,7.927e-01,4.515e-01,1.373e-01,4.301e-01
1.364e+02,1.327e+02,1.727e+02,3.593e+01,-7.884e+01,2.500e-01,6.948e+01,9.834e-01,3.915e-01,2.535e-01,2.984e-01
1.338e+02,-1.496e+02,-2.201e+01,4.742e+01,-2.157e+01,2.500e-01,8.396e+01,9.915e-01,1.552e-02,-3.870e-03,1.503e-02
7.060e+01,-3.608e+01,-1.400e+02,3.751e+01,9.771e+00,2.500e-01,8.755e+01,1.162e+00,5.475e-01,-9.530e-02,5.392e-01
1.180e+02,-8.645e+01,-8.710e+01,5.912e+01,-1.533e+01,2.500e-01,1.728e+01,6.897e-01,8.025e-01,7.686e-01,2.307e-01
3.081e+01,1.080e+02,-3.286e+01,5.652e+01,1.351e+02,2.500e-01,1.250e+01,3.738e-01,4.466e-01,1.286e-01,-4.277e-01
1.271e+02,-2.469e+01,3.416e+01,2.628e+01,6.499e+00,2.500e-01,6.266e+01,1.101e+00,6.318e-01,2.380e-01,5.853e-01
5.730e+00,1.478e+02,-8.560e+01,3.885e+01,1.597e+02,2.500e-01,8.444e+00,5.738e-01,7.926e-01,6.255e-01,-4.869e-01
4.985e+01,-1.145e+02,3.702e+01,1.394e+00,4.958e+01,2.500e-01,4.729e+01,1.514e+00,8.648e-01,-4.105e-01,-7.611e-01
8.311e+00,-8.503e+01,7.604e+01,8.857e+01,1.648e+02,2.500e-01,4.773e+01,7.599e-01,1.968e-01,1.962e-01,1.543e-02
1.748e+01,-1.276e+02,-1.002e+02,1.505e+01,-9.335e+01,2.500e-01,7.750e+01,2.724e+00,6.335e-01,-5.973e-01,-2.112e-01
1.482e+02,-1.310e+02,-1.377e+02,9.559e+00,6.340e+01,2.500e-01,4.364e+01,2.060e+00,6.638e-01,-3.402e-01,5.700e-01
1.251e+02,1.329e+02,-7.320e+01,3.352e+01,-7.594e+01,2.500e-01,3.541e+01,3.153e-01,2.796e-01,1.229e-02,-2.793e-01
5.708e+01,2.869e+01,-6.524e+01,1.783e+01,6.185e+01,2.500e-01,6.043e+01,1.214e+00,8.272e-01,7.182e-02,-8.240e-01
1.710e+02,1.795e+01,-2.730e+01,4.407e+01,7.025e+01,2.500e-01,6.671e+01,2.434e+00,8.013e-01,6.029e-01,-5.278e-01
6.200e+00,-1.278e+02,2.829e+00,3.055e+01,-1.555e+02,2.500e-01,4.680e+01,1.604e+00,9.569e-01,9.453e-01,1.489e-01
7.897e+01,1.271e+02,-1.492e+02,8.565e+01,-8.828e+01,2.500e-01,3.129e+01,1.330e+00,9.526e-01,-1.334e-01,9.432e-01
6.868e+01,4.394e+01,-8.551e+01,8.283e+01,-9.935e+01,2.500e-01,1.350e+01,1.145e+00,5.420e-01,-4.975e-01,-2.151e-01
1.378e+02,-5.366e+01,1.084e+02,4.741e+00,6.042e+01,2.500e-01,5.275e+01,1.552e+00,9.083e-01,3.400e-01,8.422e-01
1.431e+02,4.770e+00,-1.695e+02,6.641e+01,1.240e+02,2.500e-01,2.359e+01,1.147e+00,9.337e-01,-9.112e-01,2.037e-01
3.364e+01,-3.535e+01,1.544e+02,2.422e+01,-5.599e+01,2.500e-01,4.001e+00,7.235e-02,7.210e-01,6.249e-01,3.596e-01
8.816e+01,-1.527e+02,8.292e+01,3.806e+01,1.010e+02,2.500e-01,6.794e+01,1.160e+00,6.731e-01,-1.323e-01,6.600e-01
8.021e+01,-9.363e+01,-4.101e+00,4.931e+01,6.312e+01,2.500e-01,2.185e+01,1.849e-01,8.021e-01,-3.576e-01,-7.180e-01
1.163e+02,-1.356e+02,2.827e+01,8.485e+01,-1.776e+02,2.500e-01,3.982e+01,4.271e-01,3.520e-01,-3.179e-01,1.511e-01
1.277e+02,-1.138e+02,-9.458e+01,3.760e+01,3.678e+01,2.500e-01,6.190e+01,1.359e+00,9.141e-01,5.591e-01,7.232e-01
1.358e+02,-9.362e+01,-1.481e+01,8.847e+01,-4.076e+01,2.500e-01,3.233e+01,1.430e+00,7.567e-01,-6.186e-01,-4.358e-01
4.968e+01,-2.978e+01,1.667e+02,2.713e+01,1.498e+02,2.500e-01,6.627e+01,1.184e+00,6.932e-01,1.844e-01,-6.682e-01
1.223e+02,-1.621e+02,1.685e+01,6.310e+01,-1.796e+02,2.500e-01,3.552e+01,9.548e-01,8.933e-01,-8.512e-01,2.708e-01
1.179e+02,1.450e+02,7.609e+00,5.997e+01,-1.352e+01,2.500e-01,6.151e+01,1.403e+00,9.345e-01,-9.101e-01,2.119e-01
2.927e+01,1.601e+02,-9.663e+01,4.852e+01,-2.723e+01,2.500e-01,6.336e+01,2.408e+00,7.681e-01,-5.083e-02,7.664e-01
2.142e+01,-3.289e+00,-3.997e+00,6.283e+01,-1.407e+01,2.500e-01,3.981e+01,5.075e-01,3.156e-01,-1.317e-01,-2.868e-01
8.971e+01,-3.869e+00,4.466e+01,5.999e+01,9.726e+01,2.500e-01,1.762e+00,-3.126e-01,6.044e-01,4.152e-01,-4.392e-01
1.728e+02,-5.842e+01,6.449e+01,1.603e+01,-6.391e+01,2.500e-01,2.978e+01,7.553e-01,9.671e-01,-1.699e-01,9.520e-01
6.127e+01,1.440e+02,-3.761e+01,1.152e+01,1.025e+02,2.500e-01,3.819e+01,8.086e-01,5.899e-01,-2.568e-01,-5.311e-01
1.053e+02,-4.707e+01,-4.772e+01,8.992e+01,-1.031e+01,2.500e-01,2.432e+01,4.307e-01,8.305e-01,8.305e-01,-5.822e-03
4.029e+01,-1.400e+02,1.757e+02,1.540e+01,-1.671e+02,2.500e-01,1.773e+01,8.969e-01,6.632e-01,-6.165e-01,-2.446e-01
1.352e+02,1.009e+02,-1.664e+02,2.934e+00,-1.167e+02,2.500e-01,7.395e+01,1.591e+00,9.385e-01,-9.393e-02,9.338e-01
4.592e+01,-3.969e+01,1.387e+02,5.051e+01,7.983e+01,2.500e-01,3.869e+01,1.347e+00,8.722e-01,6.031e-01,-6.300e-01
9.107e+01,-9.299e+01,1.488e+02,7.937e+01,-9.545e+00,2.500e-01,7.990e+01,2.337e+00,9.288e-01,-8.942e-01,2.514e-01
1.258e+02,-3.459e+01,1.066e+02,6.023e+01,-1.250e+02,2.500e-01,3.521e+01,6.662e-01,3.944e-01,3.437e-01,-1.934e-01
1.604e+02,-1.453e+02,-1.445e+02,1.714e+01,-5.720e+01,2.500e-01,6.922e+01,2.410e+00,8.275e-01,7.479e-01,3.541e-01
1.727e+02,-1.325e+02,-8.573e+01,3.320e+01,3.866e+01,2.500e-01,3.571e+01,1.869e+00,6.209e-01,6.134e-01,9.605e-02
9.850e+01,1.591e+02,-5.927e+01,4.147e+01,-1.110e+02,2.500e-01,7.277e+01,1.165e+00,6.086e-01,3.986e-01,-4.599e-01
2.495e+01,1.642e+02,6.470e+01,8.835e+01,8.583e+01,2.500e-01,6.796e+01,9.391e-01,4.041e-01,-7.201e-02,3.976e-01
2.687e+01,2.708e+01,-1.308e+02,1.408e+01,-9.257e+01,2.500e-01,3.397e+01,7.702e-01,8.768e-01,7.347e-01,-4.785e-01
4.635e+01,-1.585e+02,7.964e+01,7.700e+01,1.503e+02,2.500e-01,1.944e+01,4.050e-01,4.712e-01,2.151e-01,4.192e-01
1.513e+02,-9.548e+01,-1.416e+02,5.803e+01,-8.314e+01,2.500e-01,7.114e+01,1.779e+00,9.852e-01,8.136e-01,-5.557e-01
4.577e+01,-5.286e+01,5.535e+01,3.386e+01,9.558e+01,2.500e-01,8.544e+01,2.798e+00,5.936e-01,3.175e-01,-5.016e-01
1.466e+02,1.156e+02,-2.097e+00,1.718e+01,-1.121e+02,2.500e-01,2.948e+01,1.855e+00,4.721e-01,-2.281e-01,-4.134e-01
4.383e+01,-1.745e+02,1.005e+02,3.854e+01,-7.650e+01,2.500e-01,6.041e+01,7.716e-01,2.375e-01,2.435e-02,2.363e-01
1.673e+02,-1.645e+02,7.741e+01,4.338e+01,-1.472e+02,2.500e-01,3.948e+01,1.279e+00,9.223e-01,6.519e-02,-9.200e-01
6.300e+01,-1.192e+02,1.453e+02,1.086e+01,2.744e+01,2.500e-01,7.502e+01,1.191e+00,6.378e-01,7.271e-02,-6.336e-01
3.539e+01,5.368e+01,1.407e+02,5.306e+01,6.601e+01,2.500e-01,6.920e+01,2.810e+00,3.368e-01,-2.048e-01,2.674e-01
4.520e+01,8.342e+01,-5.970e+01,2.036e+01,1.677e+01,2.500e-01,1.505e+01,1.118e+00,6.708e-01,4.473e-01,-4.999e-01
1.109e+02,5.319e+01,7.155e+01,3.462e+01,-2.674e+01,2.500e-01,7.758e+01,1.040e+00,3.695e-01,2.188e-01,2.978e-01
8.519e+01,-1.767e+01,-1.088e+02,5.247e+01,5.200e+01,2.500e-01,8.909e+01,2.079e+00,9.968e-01,-2.992e-02,9.964e-01
6.330e+01,1.692e+01,-1.690e+02,2.266e+01,5.314e+01,2.500e-01,4.630e+01,1.391e+00,8.889e-01,1.615e-01,-8.741e-01
1.495e+02,-7.332e+01,8.787e+01,2.614e+01,6.445e+01,2.500e-01,7.959e+01,2.021e+00,9.914e-01,-4.811e-01,8.669e-01
1.053e+02,8.809e+01,8.077e-03,5.554e+01,4.888e+01,2.500e-01,5.292e+01,1.965e+00,9.182e-01,-3.445e-01,8.511e-01
9.895e+01,-1.120e+02,-7.228e+00,2.388e+01,1.603e+02,2.500e-01,1.393e+01,7.125e-03,4.211e-01,1.541e-01,3.919e-01
1.651e+02,6.724e+01,1.457e+02,7.419e+01,-1.048e+02,2.500e-01,1.799e+01,2.705e-01,9.173e-01,-1.806e-01,-8.994e-01
5.145e+01,-1.139e+02,3.955e+01,8.844e+01,7.534e+01,2.500e-01,3.663e+01,1.209e+00,9.079e-01,9.037e-01,8.809e-02
1.363e+02,-4.735e+01,4.236e+01,6.572e+01,-9.496e+01,2.500e-01,6.738e+01,1.368e+00,8.776e-01,6.211e-03,-8.776e-01
1.357e+02,4.522e+01,1.294e+02,3.095e+01,-1.370e+02,2.500e-01,7.430e+01,9.906e-01,3.076e-01,-3.059e-02,3.061e-01
6.848e+01,1.009e+02,1.100e+02,5.257e+01,3.863e+01,2.500e-01,7.110e+01,1.034e+00,4.559e-01,-3.261e-01,-3.187e-01
1.022e+02,-1.508e+02,2.762e+01,9.699e+00,-1.795e+01,2.500e-01,2.867e+01,1.802e-01,5.897e-01,5.762e-02,-5.869e-01
1.365e+01,1.546e+02,-1.141e+02,8.157e+01,-1.486e+01,2.500e-01,4.807e+01,8.373e-01,4.664e-01,-2.337e-01,4.037e-01
9.711e+00,9.926e+01,-9.362e+01,7.917e+01,5.830e+01,2.500e-01,8.096e+00,5.524e-01,8.922e-01,8.569e-01,2.486e-01
9.554e+01,-4.755e+00,1.391e+02,7.360e+01,9.730e+01,2.500e-01,1.005e+01,-1.032e-01,4.777e-01,-2.085e-01,-4.298e-01
1.403e+02,-2.309e+01,-1.697e+02,2.347e+01,-5.392e+01,2.500e-01,1.227e+01,1.933e-02,8.059e-01,-8.009e-01,-8.976e-02
1.681e+02,-1.916e+01,-3.636e+00,5.349e+01,5.832e+01,2.500e-01,6.108e+01,1.799e+00,9.908e-01,9.391e-01,3.159e-01
2.338e+01,-6.971e+01,-1.195e+02,2.026e+00,-3.018e+01,2.500e-01,4.457e+01,1.351e+00,9.920e-01,1.946e-01,-9.727e-01
1.024e+02,3.063e+00,1.723e+02,3.827e+01,1.231e+02,2.500e-01,1.707e+01,3.758e-01,7.518e-01,-4.301e-01,6.166e-01
8.449e+01,3.878e+00,7.657e+01,2.814e+01,1.199e+02,2.500e-01,4.455e+01,6.898e-01,5.251e-01,2.160e-01,-4.786e-01
2.142e+00,1.143e+02,1.698e-01,1.453e+01,-8.768e+01,2.500e-01,1.328e+01,1.242e-01,9.417e-01,4.210e-01,-8.424e-01
6.068e+01,1.061e+02,-1.041e+01,1.609e+01,4.085e+01,2.500e-01,4.948e+00,5.401e-01,8.331e-01,2.135e-01,-8.053e-01
